w=[1 0 0 0;2 3 0 0;4 5 6 0;7 8 9 1];
z=[2 9 0;7 5 6];
sub1=w(2:3,2:3)
sub2=w([2;4],[1;3])